953
5
768
148
613
834
296
367
332
754
293
551
963
322
837
210
836
593
446
254
584
930
395
530
151
708
650
844
428
567
922
516
244
765
297
92
420
147
723
522
362
43
104
52
860
272
12
287
589
836
866
772
422
905
474
56
345
34
399
262
136
902
630
323
28
553
680
69
210
350
904
9
488
708
248
911
117
948
726
125
710
853
396
717
580
948
829
315
43
19
531
312
78
492
142
572
478
523
999
403
185
677
442
855
87
297
562
157
808
538
382
79
778
510
33
589
838
534
888
345
137
937
212
758
441
383
311
444
85
960
547
907
647
111
934
464
38
806
194
329
627
263
785
193
213
308
85
1
424
323
101
108
720
490
724
124
140
715
52
854
510
628
512
287
639
389
54
74
406
415
851
303
833
366
465
233
292
2
844
444
694
496
330
104
724
688
488
639
357
138
753
343
92
2
385
909
876
837
328
199
846
623
635
931
165
307
388
929
315
430
945
41
340
232
42
659
704
632
628
146
407
139
899
739
908
208
844
688
876
947
104
211
984
372
332
857
21
827
541
525
173
131
410
686
375
976
690
119
649
254
99
568
69
287
452
494
66
665
347
468
65
898
672
628
584
968
299
854
516
450
793
299
311
820
721
990
937
955
860
384
114
710
835
287
805
276
979
147
433
256
339
757
985
302
486
212
43
297
212
684
406
730
987
429
732
719
10
326
231
725
126
644
848
740
742
419
58
254
593
759
845
915
152
887
583
884
221
327
373
241
346
673
135
721
359
847
273
966
915
88
45
971
19
381
38
619
833
62
744
456
820
821
619
148
749
15
486
735
234
234
873
925
323
912
146
291
137
31
697
470
126
178
287
737
592
351
585
249
448
397
955
790
631
898
727
264
599
175
780
99
623
969
275
225
545
229
325
11
925
359
465
508
745
334
754
209
920
535
868
200
198
805
423
421
166
522
980
75
962
661
164
85
690
0
128
561
993
332
107
845
992
755
788
978
309
818
672
529
727
185
724
182
176
369
440
432
29
745
174
537
714
100
98
313
126
762
932
737
62
473
440
518
622
857
79
117
353
241
126
613
953
721
732
645
770
869
594
67
521
778
3
446
307
616
738
729
824
380
106
821
406
937
808
105
905
923
613
937
800
911
201
944
907
314
489
514
856
157
737
643
373
938
572
494
784
989
672
715
67
210
415
481
171
935
471
235
7
389
771
49
885
273
3
974
600
25
711
818
726
613
401
571
14
196
879
845
286
304
224
819
227
623
870
656
946
199
881
751
403
940
901
811
461
745
874
604
316
866
321
567
855
985
982
336
630
813
408
70
793
371
670
204
604
264
684
928
399
924
370
521
705
852
110
794
932
421
248
917
363
120
851
358
576
70
668
245
523
393
626
847
525
220
374
250
307
896
812
627
973
837
847
694
814
929
570
929
574
920
283
942
818
760
402
219
197
719
839
7
736
667
906
179
470
598
76
162
147
668
435
350
522
235
930
705
836
358
806
38
782
230
965
962
748
781
746
121
362
872
859
489
258
592
692
213
271
541
212
23
760
264
196
806
456
163
40
15
154
496
902
675
297
819
44
725
910
916
46
94
99
957
452
23
628
932
34
586
597
957
738
566
94
992
860
117
188
578
221
187
601
883
933
309
931
435
90
332
258
209
427
349
939
978
895
822
466
210
251
526
516
867
58
978
530
295
486
760
865
675
269
641
983
242
672
464
344
770
29
18
6
560
44
305
63
971
422
529
760
95
313
373
296
825
440
943
551
90
79
659
677
994
949
862
55
290
218
360
675
221
968
787
957
836
469
687
531
429
934
772
187
39
584
507
676
949
480
90
569
452
235
802
634
35
863
110
413
598
848
353
154
695
214
124
276
954
524
460
3
514
452
668
318
813
589
44
101
601
126
302
485
610
781
536
517
466
64
107
517
27
845
927
983
36
117
961
293
229
66
186
898
8
314
917
29
358
308
588
831
611
439
623
510
992
713
627
522
675
205
123
492
565
550
838
503
88
88
373
454
586
886
582
45
930
685
257
92
710
80
863
718
39
685
618
968
282
68
934
548
619
296
674
709
624
982
402
557
615
691
124
483
205
602
492
416
764
618
351
208
592
813
937
694
63
229
251
711
475
90
852
953
717
903
731
741
23
682
46
855
85
377
698
446
617
722
648
239
547
179
184
684
201
968
29
386
296
755
237
216
703
686
547
827
396
588
146
798
742
645
304
351
31
416
236
749
723
195
614
69
849
678
554
92
245
733
913
207
583
988
140
350
540
589
125
207
334
500
820
950
939
900
658
682
143
987
790
19
295
280
922
480
796
117
961
93
175
623
951
697
503
690
180
301
644
986
903
161
583
508
660
361
968
699
889
396
187
822
539
701
120
862
407
354
510
822
335
714
676
147
676
44
308
867
491
290
132
322
429
284
209
527
414
9
970
829
274
457
758
141
143
877
988
673
75
392
301
163
539
855
344
668
892
435
986
185
82
608
119
920
131
189
417
104
295
844
332
6
687
788
692
356
886
281
772
124
400
94
164
106
278
248
326
983
651
843
93
658
503
107
210
849
133
513
772
677
642
61
379
851
453
386
378
903
549
237
959
291
700
487
7
445
798
754
99
671
717
328
249
8
669
831
105
296
343
745
125
544
860
56
219
904
336
639
530
250
704
27
615
747
457
872
507
274
751
944
906
641
70
14
235
553
329
969
799
370
709
292
720
983
208
562
463
504
963
935
650
737
162
17
984
8
844
701
146
732
779
726
633
800
10
713
382
215
110
612
497
594
338
52
169
149
107
862
180
63
356
701
109
240
903
194
520
181
129
674
706
983
585
73
449
569
317
556
693
536
624
300
523
405
660
583
196
878
944
24
702
443
350
734
454
907
860
595
601
415
52
251
950
294
698
212
377
632
50
348
966
55
436
190
0
582
165
727
606
741
803
437
200
605
940
438
108
774
716
430
47
9
497
435
450
471
852
443
731
768
831
741
45
911
677
133
477
626
715
768
721
888
697
783
63
252
948
225
976
214
843
521
839
384
780
639
682
853
3
418
540
277
758
667
260
598
64
733
205
421
184
280
51
730
309
140
743
729
768
363
999
501
974
895
53
431
345
563
962
316
130
526
735
132
685
353
232
687
728
482
886
306
985
969
607
823
652
920
515
403
686
447
614
864
768
45
469
651
259
227
823
728
917
610
722
425
846
709
926
173
282
761
10
510
266
464
321
411
881
653
544
3
272
98
367
651
174
942
450
375
472
18
115
629
97
34
310
191
718
305
937
518
272
749
909
620
575
377
357
290
912
905
914
720
515
856
232
91
275
62
385
848
330
766
388
495
321
491
738
234
881
602
333
525
649
890
517
896
36
488
519
336
422
263
76
228
163
837
364
706
988
169
750
209
751
601
325
282
161
631
456
568
235
587
910
566
263
748
419
623
565
504
908
761
830
52
395
275
444
237
136
437
188
812
84
447
945
607
234
962
766
317
597
906
912
322
224
125
662
248
686
413
429
590
207
441
612
882
923
26
577
467
446
249
743
226
0
382
205
262
600
283
755
982
100
894
555
769
519
966
938
289
280
85
554
934
851
212
765
927
623
28
144
396
955
960
922
599
933
729
359
304
145
465
885
808
146
456
114
885
840
45
680
932
950
612
871
84
254
830
485
567
716
110
540
668
652
512
464
687
97
196
3
811
795
176
727
582
971
451
0
178
798
862
683
195
300
229
63
452
556
363
999
628
470
196
752
550
692
987
213
663
413
604
221
233
368
204
878
436
42
348
296
395
653
501
360
948
93
317
7
49
247
895
23
892
632
641
522
512
575
647
526
90
952
445
249
102
542
593
349
446
436
255
560
165
569
54
554
242
686
447
604
208
916
254
258
426
87
10
60
492
833
142
943
485
212
354
290
888
176
123
856
105
405
854
202
116
422
549
814
850
42
792
360
309
160
109
971
59
262
202
323
679
110
558
170
874
278
543
206
977
386
423
404
952
608
168
707
116
728
150
607
302
878
516
608
140
782
790
158
513
706
317
731
853
163
930
94
71
697
274
239
518
633
367
636
23
18
511
599
881
700
509
161
852
630
766
880
488
234
374
904
794
175
97
329
177
546
237
36
999
579
692
619
163
775
944
556
459
359
871
242
238
436
446
489
568
422
890
564
551
456
953
556
474
537
871
22
449
761
581
106
87
541
884
308
596
570
630
73
151
162
597
520
337
766
134
218
292
745
421
71
923
828
348
511
931
667
854
745
199
195
125
796
713
110
595
55
796
837
470
967
271
248
741
925
748
221
199
649
222
675
283
879
352
186
825
460
203
90
639
229
368
636
576
252
723
200
512
577
440
532
258
681
248
933
122
709
699
957
94
225
569
674
599
487
540
119
558
191
429
497
289
334
959
360
28
865
289
696
388
756
444
83
248
539
732
660
344
203
780
755
975
454
26
216
837
546
585
734
973
613
502
957
382
175
730
547
500
220
245
825
326
797
644
278
898
377
905
306
829
741
305
73
495
245
780
842
962
261
893
538
955
513
128
762
538
990
915
682
788
915
21
568
128
391
508
65
390
656
475
907
850
909
807
429
864
225
219
611
346
13
18
553
941
824
929
556
730
781
415
168
496
258
444
273
278
136
335
609
590
692
308
874
301
1
242
233
775
943
483
808
24
84
268
831
509
285
356
862
945
130
298
688
892
355
87
951
357
555
362
961
192
959
874
652
346
627
318
899
889
882
928
109
81
487
305
22
465
133
110
780
292
487
591
24
652
693
896
727
776
187
425
581
190
928
496
493
500
568
839
758
288
990
215
645
488
370
491
427
876
187
450
492
919
449
748
316
260
665
661
77
12
582
936
585
886
200
531
672
368
100
816
247
98
744
659
181
538
633
599
555
193
611
524
576
557
292
859
542
464
141
2
348
397
590
586
265
930
949
949
842
689
427
6
904
249
723
673
353
450
888
857
625
278
18
888
789
346
300
321
931
924
165
713
1
462
920
84
969
192
603
548
158
100
481
213
343
451
652
411
740
501
995
349
361
966
947
635
414
467
653
418
104
268
908
120
960
436
457
490
790
75
173
324
490
149
530
256
214
674
726
455
819
862
869
870
487
188
802
232
848
924
458
649
680
100
62
946
36
698
779
232
147
191
487
543
471
78
913
765
427
140
405
697
802
962
164
729
567
470
588
395
687
912
993
331
975
360
719
28
874
740
227
554
811
599
413
915
684
926
420
278
729
452
606
723
4
613
810
594
494
847
269
840
990
100
29
828
329
636
397
8
798
384
909
275
548
697
100
43
747
511
253
936
60
597
301
243
582
250
437
805
966
347
983
364
770
659
833
168
186
364
545
876
811
439
268
0
602
376
872
924
945
669
882
366
865
917
164
116
20
109
55
565
325
709
73
690
103
578
146
643
142
261
321
315
462
336
302
453
615
368
828
376
529
509
885
454
874
935
337
75
633
883
509
952
966
907
308
926
480
836
477
88
930
825
264
826
139
652
150
78
528
325
340
629
977
315
683
530
501
695
232
938
306
592
67
616
277
440
398
157
842
678
892
684
609
909
459
788
877
394
575
726
370
139
141
486
258
234
857
463
644
184
396
391
763
175
845
138
694
120
234
346
961
931
556
659
919
341
901
645
377
636
823
3
320
126
66
888
435
391
401
449
925
744
777
493
719
189
543
73
573
295
765
657
688
424
577
105
24
94
827
793
107
614
600
767
910
914
335
758
78
5
576
588
220
266
156
937
459
501
309
115
591
617
722
751
724
449
951
881
64
802
175
293
558
77
663
703
424
195
897
244
664
472
337
755
859
82
512
206
994
51
562
594
663
474
454
662
728
81
242
153
155
351
200
412
423
132
64
158
98
829
603
654
92
510
66
19
711
644
857
240
114
541
4
283
336
390
76
12
362
140
805
11
254
935
207
810
201
360
592
178
96
516
98
729
935
312
174
408
813
596
820
75
900
884
766
298
296
793
80
573
484
7
302
860
299
247
211
203
857
773
280
325
879
60
241
256
701
853
952
406
711
470
341
804
383
671
27
354
507
215
503
259
706
726
623
463
448
308
245
724
907
334
175
828
938
905
189
615
473
230
414
208
643
998
598
566
877
607
792
425
707
453
252
740
569
372
222
642
64
192
355
296
75
384
512
146
797
319
65
538
384
234
722
60
252
528
630
693
291
267
593
337
789
749
996
579
717
709
517
223
799
817
248
412
452
510
279
581
452
850
881
686
758
363
802
348
143
168
302
349
476
765
819
887
750
292
266
868
346
590
745
867
305
674
857
682
155
732
663
711
891
727
218
678
863
765
944
77
790
386
852
27
302
737
504
783
57
254
715
116
115
571
663
866
163
862
385
384
907
247
342
693
758
64
983
759
670
877
1
394
6
170
611
666
362
956
285
564
778
976
289
30
53
103
393
335
791
891
445
129
289
555
486
515
986
594
228
859
351
86
465
313
748
869
296
502
711
593
445
243
757
932
803
78
851
55
132
384
339
252
440
418
209
75
205
869
625
793
918
944
784
693
188
668
955
477
654
132
983
421
902
568
86
423
586
721
690
342
108
263
554
172
390
245
335
980
277
630
705
418
641
49
547
598
286
32
679
847
506
7
839
308
43
935
217
230
484
826
214
593
228
793
168
905
892
368
454
865
211
67
117
495
864
123
876
580
794
105
820
863
199
35
394
353
799
124
723
283
469
757
923
739
338
289
377
430
221
327
387
103
779
432
697
782
543
985
112
307
694
114
574
426
457
20
837
265
576
130
807
475
408
702
716
417
33
189
834
639
742
180
993
